run_id,experiment_id,formation,wind_direction,wind_speed,inter_drone_distance_cm,soc_mode,target_soc_percent,soc_tolerance_percent,drone_name,drone_ip,battery_id,takeoff_order,drone_role,mission_pad,grid_column,grid_row,phase,timestamp,elapsed_time,hover_elapsed_time,node_elapsed_time,mid,x,y,z,X_global,Y_global,Z_global,target_x,target_y,target_z,target_pad,node_forward_distance_cm,node_speed_cm_s,position_error_x,position_error_y,position_error_z,position_error_dist,mean_spacing_error,max_spacing_error,battery,battery_hover_start,battery_hover_end,yaw,pitch,roll,mission_pad_pitch,mission_pad_roll,mission_pad_yaw,vgx,vgy,vgz,agx,agy,agz,templ,temph,tof,h,baro,motor_time
20260904_180239,wind_tunnel_front_75_side_lv1_001,front,side wind,Level1,75,wind_tunnel,20,0,drone_5,192.168.0.104,B12,5,wind_tunnel_position_5,1,4,0,wind_tunnel_takeoff,2026-09-04T18:02:43.217,0.0,0.0,0.0,-1,-100,-100,-100,,,,300,0,80,1,0,0,,,,,,,90,90,,0,0,0,0.0,0.0,0.0,0,0,0,-7.0,-2.0,-999.0,56,58,6553,0,-0.45,0
20260904_180239,wind_tunnel_front_75_side_lv1_001,front,side wind,Level1,75,wind_tunnel,20,0,drone_5,192.168.0.104,B12,5,wind_tunnel_position_5,1,4,0,wind_tunnel_takeoff,2026-09-04T18:02:43.324,0.107,0.107,0.107,-1,-100,-100,-100,,,,300,0,80,1,0,0,,,,,,,90,90,,0,0,0,0.0,0.0,0.0,0,0,0,-8.0,-3.0,-1001.0,56,58,6553,0,-0.49,0
20260904_180239,wind_tunnel_front_75_side_lv1_001,front,side wind,Level1,75,wind_tunnel,20,0,drone_5,192.168.0.104,B12,5,wind_tunnel_position_5,1,4,0,wind_tunnel_takeoff,2026-09-04T18:02:43.428,0.211,0.211,0.211,-1,-100,-100,-100,,,,300,0,80,1,0,0,,,,,,,90,90,,0,0,0,0.0,0.0,0.0,0,0,0,-9.0,-3.0,-1001.0,56,58,6553,0,-0.41,0
20260904_180239,wind_tunnel_front_75_side_lv1_001,front,side wind,Level1,75,wind_tunnel,20,0,drone_5,192.168.0.104,B12,5,wind_tunnel_position_5,1,4,0,wind_tunnel_takeoff,2026-09-04T18:02:43.535,0.317,0.317,0.317,-1,-100,-100,-100,,,,300,0,80,1,0,0,,,,,,,90,90,,0,0,0,0.0,0.0,0.0,0,0,0,-10.0,-8.0,-999.0,56,58,6553,0,-0.44,0
20260904_180239,wind_tunnel_front_75_side_lv1_001,front,side wind,Level1,75,wind_tunnel,20,0,drone_5,192.168.0.104,B12,5,wind_tunnel_position_5,1,4,0,wind_tunnel_takeoff,2026-09-04T18:02:43.640,0.422,0.422,0.422,-1,-100,-100,-100,,,,300,0,80,1,0,0,,,,,,,90,90,,0,0,0,0.0,0.0,0.0,0,0,0,4.0,-13.0,-997.0,56,58,6553,0,-0.44,0
20260904_180239,wind_tunnel_front_75_side_lv1_001,front,side wind,Level1,75,wind_tunnel,20,0,drone_5,192.168.0.104,B12,5,wind_tunnel_position_5,1,4,0,wind_tunnel_takeoff,2026-09-04T18:02:43.744,0.527,0.527,0.527,-1,-100,-100,-100,,,,300,0,80,1,0,0,,,,,,,90,90,,0,0,0,0.0,0.0,0.0,0,0,0,-13.0,-13.0,-1004.0,55,58,6553,0,-0.44,0
20260904_180239,wind_tunnel_front_75_side_lv1_001,front,side wind,Level1,75,wind_tunnel,20,0,drone_5,192.168.0.104,B12,5,wind_tunnel_position_5,1,4,0,wind_tunnel_takeoff,2026-09-04T18:02:43.849,0.632,0.632,0.632,-1,-100,-100,-100,,,,300,0,80,1,0,0,,,,,,,90,90,,0,0,0,0.0,0.0,0.0,0,0,0,-29.0,16.0,-1057.0,55,58,6553,0,-0.44,0
20260904_180239,wind_tunnel_front_75_side_lv1_001,front,side wind,Level1,75,wind_tunnel,20,0,drone_5,192.168.0.104,B12,5,wind_tunnel_position_5,1,4,0,wind_tunnel_takeoff,2026-09-04T18:02:43.956,0.739,0.739,0.739,-1,-100,-100,-100,,,,300,0,80,1,0,0,,,,,,,90,90,,0,0,-2,0.0,0.0,0.0,0,0,0,4.0,-5.0,-1158.0,55,58,10,0,-0.44,0
20260904_180239,wind_tunnel_front_75_side_lv1_001,front,side wind,Level1,75,wind_tunnel,20,0,drone_5,192.168.0.104,B12,5,wind_tunnel_position_5,1,4,0,wind_tunnel_takeoff,2026-09-04T18:02:44.064,0.846,0.846,0.846,-1,-100,-100,-100,,,,300,0,80,1,0,0,,,,,,,90,90,,-1,1,-3,0.0,0.0,0.0,0,0,1,5.0,-28.0,-1365.0,55,58,12,0,-0.44,0
20260904_180239,wind_tunnel_front_75_side_lv1_001,front,side wind,Level1,75,wind_tunnel,20,0,drone_5,192.168.0.104,B12,5,wind_tunnel_position_5,1,4,0,wind_tunnel_takeoff,2026-09-04T18:02:44.172,0.954,0.954,0.954,-1,-100,-100,-100,,,,300,0,80,1,0,0,,,,,,,90,90,,0,0,0,0.0,0.0,0.0,0,1,4,-5.0,-17.0,-1249.0,55,58,12,0,-0.44,0
20260904_180239,wind_tunnel_front_75_side_lv1_001,front,side wind,Level1,75,wind_tunnel,20,0,drone_5,192.168.0.104,B12,5,wind_tunnel_position_5,1,4,0,wind_tunnel_takeoff,2026-09-04T18:02:44.278,1.061,1.061,1.061,-1,-100,-100,-100,,,,300,0,80,1,0,0,,,,,,,90,90,,0,-1,2,0.0,0.0,0.0,0,1,6,-6.0,-9.0,-1076.0,55,58,14,10,-0.11,0
20260904_180239,wind_tunnel_front_75_side_lv1_001,front,side wind,Level1,75,wind_tunnel,20,0,drone_5,192.168.0.104,B12,5,wind_tunnel_position_5,1,4,0,wind_tunnel_takeoff,2026-09-04T18:02:44.382,1.165,1.165,1.165,-1,-100,-100,-100,,,,300,0,80,1,0,0,,,,,,,90,90,,0,-1,2,0.0,0.0,0.0,0,0,8,11.0,-34.0,-1054.0,55,58,23,10,0.01,0
20260904_180239,wind_tunnel_front_75_side_lv1_001,front,side wind,Level1,75,wind_tunnel,20,0,drone_5,192.168.0.104,B12,5,wind_tunnel_position_5,1,4,0,wind_tunnel_takeoff,2026-09-04T18:02:44.489,1.272,1.272,1.272,-1,-100,-100,-100,,,,300,0,80,1,0,0,,,,,,,90,90,,0,0,1,0.0,0.0,0.0,0,0,8,-13.0,-19.0,-1040.0,55,58,32,20,0.19,1
20260904_180239,wind_tunnel_front_75_side_lv1_001,front,side wind,Level1,75,wind_tunnel,20,0,drone_5,192.168.0.104,B12,5,wind_tunnel_position_5,1,4,0,wind_tunnel_takeoff,2026-09-04T18:02:44.595,1.378,1.378,1.378,-1,-100,-100,-100,,,,300,0,80,1,0,0,,,,,,,90,90,,0,0,2,0.0,0.0,0.0,0,0,8,0.0,-39.0,-1029.0,55,58,41,30,0.37,1
20260904_180239,wind_tunnel_front_75_side_lv1_001,front,side wind,Level1,75,wind_tunnel,20,0,drone_5,192.168.0.104,B12,5,wind_tunnel_position_5,1,4,0,wind_tunnel_takeoff,2026-09-04T18:02:44.698,1.481,1.481,1.481,-1,-100,-100,-100,,,,300,0,80,1,0,0,,,,,,,90,90,,-1,0,2,0.0,0.0,0.0,0,0,8,17.0,-39.0,-947.0,55,58,50,40,0.32,1
20260904_180239,wind_tunnel_front_75_side_lv1_001,front,side wind,Level1,75,wind_tunnel,20,0,drone_5,192.168.0.104,B12,5,wind_tunnel_position_5,1,4,0,wind_tunnel_takeoff,2026-09-04T18:02:44.805,1.588,1.588,1.588,-1,-100,-100,-100,,,,300,0,80,1,0,0,,,,,,,90,90,,0,0,5,0.0,0.0,0.0,0,1,6,16.0,-91.0,-875.0,55,58,57,60,0.27,1
20260904_180239,wind_tunnel_front_75_side_lv1_001,front,side wind,Level1,75,wind_tunnel,20,0,drone_5,192.168.0.104,B12,5,wind_tunnel_position_5,1,4,0,wind_tunnel_takeoff,2026-09-04T18:02:44.910,1.693,1.693,1.693,-1,-100,-100,-100,,,,300,0,80,1,0,0,,,,,,,90,90,,0,0,6,0.0,0.0,0.0,0,1,5,-5.0,-94.0,-841.0,55,58,63,60,0.41,1
20260904_180239,wind_tunnel_front_75_side_lv1_001,front,side wind,Level1,75,wind_tunnel,20,0,drone_5,192.168.0.104,B12,5,wind_tunnel_position_5,1,4,0,wind_tunnel_takeoff,2026-09-04T18:02:45.017,1.8,1.8,1.8,1,-7,3,46,293.0,3.0,46,300,0,80,1,0,0,7.0,-3.0,34,34.843,6.0,6.0,90,90,,0,0,7,0.0,4.0,-176.0,0,1,3,0.0,-108.0,-854.0,55,58,68,70,0.53,1
20260904_180239,wind_tunnel_front_75_side_lv1_001,front,side wind,Level1,75,wind_tunnel,20,0,drone_5,192.168.0.104,B12,5,wind_tunnel_position_5,1,4,0,wind_tunnel_takeoff,2026-09-04T18:02:45.124,1.907,1.907,1.907,1,-7,3,46,293.0,3.0,46,300,0,80,1,0,0,7.0,-3.0,34,34.843,2.598,6.0,90,90,,-1,0,5,0.0,4.0,-176.0,0,1,2,10.0,-107.0,-936.0,55,58,71,70,0.48,1
20260904_180239,wind_tunnel_front_75_side_lv1_001,front,side wind,Level1,75,wind_tunnel,20,0,drone_5,192.168.0.104,B12,5,wind_tunnel_position_5,1,4,0,wind_tunnel_takeoff,2026-09-04T18:02:45.227,2.009,2.009,2.009,1,-7,3,46,293.0,3.0,46,300,0,80,1,0,0,7.0,-3.0,34,34.843,2.598,6.0,90,90,,-1,-1,6,0.0,4.0,-176.0,0,1,1,4.0,-116.0,-901.0,55,58,73,70,0.46,1
20260904_180239,wind_tunnel_front_75_side_lv1_001,front,side wind,Level1,75,wind_tunnel,20,0,drone_5,192.168.0.104,B12,5,wind_tunnel_position_5,1,4,0,wind_tunnel_takeoff,2026-09-04T18:02:45.332,2.115,2.115,2.115,1,-7,3,46,293.0,3.0,46,300,0,80,1,0,0,7.0,-3.0,34,34.843,2.598,6.0,90,90,,0,0,9,0.0,4.0,-176.0,0,0,0,-26.0,-57.0,-933.0,55,58,75,70,0.37,1
20260904_180239,wind_tunnel_front_75_side_lv1_001,front,side wind,Level1,75,wind_tunnel,20,0,drone_5,192.168.0.104,B12,5,wind_tunnel_position_5,1,4,0,wind_tunnel_takeoff,2026-09-04T18:02:45.435,2.218,2.218,2.218,1,-11,8,68,289.0,8.0,68,300,0,80,1,0,0,11.0,-8.0,12,18.138,5.336,9.979,90,90,,-1,-1,6,-2.0,4.0,-173.0,0,0,0,13.0,-106.0,-985.0,55,58,75,70,0.52,2
20260904_180239,wind_tunnel_front_75_side_lv1_001,front,side wind,Level1,75,wind_tunnel,20,0,drone_5,192.168.0.104,B12,5,wind_tunnel_position_5,1,4,0,wind_tunnel_takeoff,2026-09-04T18:02:45.542,2.325,2.325,2.325,1,-11,8,68,289.0,8.0,68,300,0,80,1,0,0,11.0,-8.0,12,18.138,5.164,9.979,90,90,,-1,-1,4,-2.0,4.0,-173.0,0,0,0,2.0,-92.0,-1009.0,55,58,74,70,0.35,2
20260904_180239,wind_tunnel_front_75_side_lv1_001,front,side wind,Level1,75,wind_tunnel,20,0,drone_5,192.168.0.104,B12,5,wind_tunnel_position_5,1,4,0,wind_tunnel_takeoff,2026-09-04T18:02:45.647,2.429,2.429,2.429,1,-11,8,68,289.0,8.0,68,300,0,80,1,0,0,11.0,-8.0,12,18.138,5.164,9.979,90,90,,-1,-1,6,-2.0,4.0,-173.0,0,0,0,6.0,-43.0,-956.0,55,58,74,70,0.47,2
20260904_180239,wind_tunnel_front_75_side_lv1_001,front,side wind,Level1,75,wind_tunnel,20,0,drone_5,192.168.0.104,B12,5,wind_tunnel_position_5,1,4,0,wind_tunnel_takeoff,2026-09-04T18:02:45.755,2.538,2.538,2.538,1,-13,13,76,287.0,13.0,76,300,0,80,1,0,0,13.0,-13.0,4,18.815,7.087,13.142,90,90,,0,-1,4,0.0,5.0,-170.0,0,0,0,-39.0,-77.0,-1045.0,56,60,74,70,0.4,2
20260904_180239,wind_tunnel_front_75_side_lv1_001,front,side wind,Level1,75,wind_tunnel,20,0,drone_5,192.168.0.104,B12,5,wind_tunnel_position_5,1,4,0,wind_tunnel_takeoff,2026-09-04T18:02:45.863,2.646,2.646,2.646,1,-13,13,76,287.0,13.0,76,300,0,80,1,0,0,13.0,-13.0,4,18.815,7.908,15.008,90,90,,0,-2,2,0.0,5.0,-170.0,0,0,0,-10.0,-116.0,-1038.0,56,60,74,70,0.64,2
20260904_180239,wind_tunnel_front_75_side_lv1_001,front,side wind,Level1,75,wind_tunnel,20,0,drone_5,192.168.0.104,B12,5,wind_tunnel_position_5,1,4,0,wind_tunnel_takeoff,2026-09-04T18:02:45.971,2.754,2.754,2.754,1,-13,13,76,287.0,13.0,76,300,0,80,1,0,0,13.0,-13.0,4,18.815,7.908,15.008,90,90,,0,-1,6,0.0,5.0,-170.0,0,0,0,-45.0,-67.0,-1007.0,56,60,75,70,0.56,2
20260904_180239,wind_tunnel_front_75_side_lv1_001,front,side wind,Level1,75,wind_tunnel,20,0,drone_5,192.168.0.104,B12,5,wind_tunnel_position_5,1,4,0,wind_tunnel_takeoff,2026-09-04T18:02:46.079,2.862,2.862,2.862,1,-15,14,75,285.0,14.0,75,300,0,80,1,0,0,15.0,-14.0,5,21.119,8.283,15.008,90,90,,0,-1,5,0.0,4.0,-173.0,0,0,1,-16.0,-109.0,-1082.0,56,60,76,70,0.42,2
20260904_180239,wind_tunnel_front_75_side_lv1_001,front,side wind,Level1,75,wind_tunnel,20,0,drone_5,192.168.0.104,B12,5,wind_tunnel_position_5,1,4,0,wind_tunnel_takeoff,2026-09-04T18:02:46.185,2.968,2.968,2.968,1,-15,14,75,285.0,14.0,75,300,0,80,1,0,0,15.0,-14.0,5,21.119,9.029,17.087,90,90,,0,-1,5,0.0,4.0,-173.0,0,0,1,-31.0,-83.0,-1026.0,56,60,78,80,0.44,2
20260904_180239,wind_tunnel_front_75_side_lv1_001,front,side wind,Level1,75,wind_tunnel,20,0,drone_5,192.168.0.104,B12,5,wind_tunnel_position_5,1,4,0,wind_tunnel_takeoff,2026-09-04T18:02:46.290,3.072,3.072,3.072,1,-15,14,75,285.0,14.0,75,300,0,80,1,0,0,15.0,-14.0,5,21.119,9.03,17.087,90,90,,0,-2,4,0.0,4.0,-173.0,0,0,1,3.0,-119.0,-985.0,56,60,79,80,0.48,2
20260904_180239,wind_tunnel_front_75_side_lv1_001,front,side wind,Level1,75,wind_tunnel,20,0,drone_5,192.168.0.104,B12,5,wind_tunnel_position_5,1,4,0,wind_tunnel_takeoff,2026-09-04T18:02:46.396,3.179,3.179,3.179,1,-15,14,75,285.0,14.0,75,300,0,80,1,0,0,15.0,-14.0,5,21.119,9.03,17.087,90,90,,0,0,3,0.0,4.0,-173.0,0,0,1,-23.0,-112.0,-956.0,56,60,81,80,0.62,3
20260904_180239,wind_tunnel_front_75_side_lv1_001,front,side wind,Level1,75,wind_tunnel,20,0,drone_5,192.168.0.104,B12,5,wind_tunnel_position_5,1,4,0,wind_tunnel_takeoff,2026-09-04T18:02:46.502,3.285,3.285,3.285,1,-15,13,78,285.0,13.0,78,300,0,80,1,0,0,15.0,-13.0,2,19.95,11.46,23.184,90,90,,-1,0,6,0.0,4.0,-173.0,0,0,0,1.0,-66.0,-906.0,56,60,83,80,0.56,3
20260904_180239,wind_tunnel_front_75_side_lv1_001,front,side wind,Level1,75,wind_tunnel,20,0,drone_5,192.168.0.104,B12,5,wind_tunnel_position_5,1,4,0,wind_tunnel_takeoff,2026-09-04T18:02:46.609,3.392,3.392,3.392,1,-15,13,78,285.0,13.0,78,300,0,80,1,0,0,15.0,-13.0,2,19.95,12.026,24.002,90,90,,0,-1,6,0.0,4.0,-173.0,0,0,0,-2.0,-71.0,-1006.0,56,60,85,80,0.52,3
20260904_180239,wind_tunnel_front_75_side_lv1_001,front,side wind,Level1,75,wind_tunnel,20,0,drone_5,192.168.0.104,B12,5,wind_tunnel_position_5,1,4,0,wind_tunnel_takeoff,2026-09-04T18:02:46.714,3.497,3.497,3.497,1,-15,13,78,285.0,13.0,78,300,0,80,1,0,0,15.0,-13.0,2,19.95,12.026,24.002,90,90,,0,0,4,0.0,4.0,-173.0,0,0,0,-15.0,-82.0,-977.0,56,60,84,80,0.52,3
20260904_180239,wind_tunnel_front_75_side_lv1_001,front,side wind,Level1,75,wind_tunnel,20,0,drone_5,192.168.0.104,B12,5,wind_tunnel_position_5,1,4,0,wind_tunnel_takeoff,2026-09-04T18:02:46.820,3.603,3.603,3.603,1,-15,13,78,285.0,13.0,78,300,0,80,1,0,0,15.0,-13.0,2,19.95,12.832,26.002,90,90,,0,0,4,0.0,4.0,-173.0,0,0,0,-11.0,-32.0,-911.0,56,59,86,80,0.51,3
20260904_180239,wind_tunnel_front_75_side_lv1_001,front,side wind,Level1,75,wind_tunnel,20,0,drone_5,192.168.0.104,B12,5,wind_tunnel_position_5,1,4,0,wind_tunnel_takeoff,2026-09-04T18:02:46.926,3.709,3.709,3.709,1,-18,8,84,282.0,8.0,84,300,0,80,1,0,0,18.0,-8.0,-4,20.1,13.513,26.002,90,90,,0,0,3,-2.0,5.0,-171.0,0,-1,0,6.0,-60.0,-977.0,56,59,86,80,0.59,3
20260904_180239,wind_tunnel_front_75_side_lv1_001,front,side wind,Level1,75,wind_tunnel,20,0,drone_5,192.168.0.104,B12,5,wind_tunnel_position_5,1,4,0,wind_tunnel_takeoff,2026-09-04T18:02:47.032,3.815,3.815,3.815,1,-18,8,84,282.0,8.0,84,300,0,80,1,0,0,18.0,-8.0,-4,20.1,13.911,27.002,90,90,,0,0,3,-2.0,5.0,-171.0,0,0,0,-8.0,-54.0,-960.0,56,59,86,80,0.61,3
20260904_180239,wind_tunnel_front_75_side_lv1_001,front,side wind,Level1,75,wind_tunnel,20,0,drone_5,192.168.0.104,B12,5,wind_tunnel_position_5,1,4,0,wind_tunnel_takeoff,2026-09-04T18:02:47.140,3.922,3.922,3.922,1,-18,8,84,282.0,8.0,84,300,0,80,1,0,0,18.0,-8.0,-4,20.1,13.911,27.002,90,90,,-1,0,2,-2.0,5.0,-171.0,0,0,0,-25.0,-57.0,-984.0,56,59,87,80,0.61,3
20260904_180239,wind_tunnel_front_75_side_lv1_001,front,side wind,Level1,75,wind_tunnel,20,0,drone_5,192.168.0.104,B12,5,wind_tunnel_position_5,1,4,0,wind_tunnel_takeoff,2026-09-04T18:02:47.250,4.032,4.032,4.032,1,-15,5,88,285.0,5.0,88,300,0,80,1,0,0,15.0,-5.0,-8,17.72,13.968,28.002,90,90,,-1,0,3,-1.0,4.0,-172.0,0,0,0,-25.0,-60.0,-1004.0,56,59,86,80,0.59,3
20260904_180239,wind_tunnel_front_75_side_lv1_001,front,side wind,Level1,75,wind_tunnel,20,0,drone_5,192.168.0.104,B12,5,wind_tunnel_position_5,1,4,0,wind_tunnel_takeoff,2026-09-04T18:02:47.351,4.134,4.134,4.134,1,-15,5,88,285.0,5.0,88,300,0,80,1,0,0,15.0,-5.0,-8,17.72,13.985,28.002,90,90,,-1,-1,2,-1.0,4.0,-172.0,0,0,0,-11.0,-67.0,-1011.0,56,59,85,80,0.67,4
20260904_180239,wind_tunnel_front_75_side_lv1_001,front,side wind,Level1,75,wind_tunnel,20,0,drone_5,192.168.0.104,B12,5,wind_tunnel_position_5,1,4,0,wind_tunnel_takeoff,2026-09-04T18:02:47.456,4.239,4.239,4.239,1,-15,5,88,285.0,5.0,88,300,0,80,1,0,0,15.0,-5.0,-8,17.72,13.985,28.002,90,90,,0,-1,3,-1.0,4.0,-172.0,0,0,0,-41.0,-58.0,-1011.0,56,59,85,80,0.56,4
20260904_180239,wind_tunnel_front_75_side_lv1_001,front,side wind,Level1,75,wind_tunnel,20,0,drone_5,192.168.0.104,B12,5,wind_tunnel_position_5,1,4,0,wind_tunnel_takeoff,2026-09-04T18:02:47.559,4.341,4.341,4.341,1,-10,6,88,290.0,6.0,88,300,0,80,1,0,0,10.0,-6.0,-8,14.142,12.975,28.002,90,90,,0,-1,3,1.0,4.0,-176.0,0,0,0,-38.0,-65.0,-1000.0,56,59,86,80,0.57,4
20260904_180239,wind_tunnel_front_75_side_lv1_001,front,side wind,Level1,75,wind_tunnel,20,0,drone_5,192.168.0.104,B12,5,wind_tunnel_position_5,1,4,0,wind_tunnel_takeoff,2026-09-04T18:02:47.665,4.447,4.447,4.447,1,-10,6,88,290.0,6.0,88,300,0,80,1,0,0,10.0,-6.0,-8,14.142,13.453,29.018,90,90,,0,-1,2,1.0,4.0,-176.0,0,0,0,-26.0,-74.0,-1007.0,56,59,86,80,0.57,4
20260904_180239,wind_tunnel_front_75_side_lv1_001,front,side wind,Level1,75,wind_tunnel,20,0,drone_5,192.168.0.104,B12,5,wind_tunnel_position_5,1,4,0,wind_tunnel_takeoff,2026-09-04T18:02:47.772,4.555,4.555,4.555,1,-10,6,88,290.0,6.0,88,300,0,80,1,0,0,10.0,-6.0,-8,14.142,13.409,29.018,90,90,,0,-1,2,1.0,4.0,-176.0,0,0,0,-21.0,-58.0,-938.0,55,59,86,80,0.6,4
20260904_180239,wind_tunnel_front_75_side_lv1_001,front,side wind,Level1,75,wind_tunnel,20,0,drone_5,192.168.0.104,B12,5,wind_tunnel_position_5,1,4,0,wind_tunnel_takeoff,2026-09-04T18:02:47.879,4.662,4.662,4.662,1,-10,6,88,290.0,6.0,88,300,0,80,1,0,0,10.0,-6.0,-8,14.142,13.409,29.018,90,90,,0,-2,2,1.0,4.0,-176.0,0,0,0,-22.0,-101.0,-979.0,55,59,85,80,0.51,4
20260904_180239,wind_tunnel_front_75_side_lv1_001,front,side wind,Level1,75,wind_tunnel,20,0,drone_5,192.168.0.104,B12,5,wind_tunnel_position_5,1,4,0,wind_tunnel_takeoff,2026-09-04T18:02:47.988,4.77,4.77,4.77,1,-11,0,88,289.0,0.0,88,300,0,80,1,0,0,11.0,0.0,-8,13.601,12.09,25.032,90,90,,0,-2,4,2.0,4.0,-173.0,0,0,0,-25.0,-51.0,-994.0,55,59,85,80,0.55,4
20260904_180239,wind_tunnel_front_75_side_lv1_001,front,side wind,Level1,75,wind_tunnel,20,0,drone_5,192.168.0.104,B12,5,wind_tunnel_position_5,1,4,0,wind_tunnel_takeoff,2026-09-04T18:02:48.095,4.877,4.877,4.877,1,-11,0,88,289.0,0.0,88,300,0,80,1,0,0,11.0,0.0,-8,13.601,12.282,25.841,90,90,,0,-1,4,2.0,4.0,-173.0,0,0,0,-23.0,-54.0,-1005.0,55,59,85,80,0.42,4
20260904_180239,wind_tunnel_front_75_side_lv1_001,front,side wind,Level1,75,wind_tunnel,20,0,drone_5,192.168.0.104,B12,5,wind_tunnel_position_5,1,4,0,wind_tunnel_takeoff,2026-09-04T18:02:48.203,4.985,4.985,4.985,1,-11,0,88,289.0,0.0,88,300,0,80,1,0,0,11.0,0.0,-8,13.601,12.282,25.841,90,90,,0,-1,2,2.0,4.0,-173.0,0,0,0,-15.0,-78.0,-1024.0,55,59,84,80,0.55,4
20260904_180239,wind_tunnel_front_75_side_lv1_001,front,side wind,Level1,75,wind_tunnel,20,0,drone_5,192.168.0.104,B12,5,wind_tunnel_position_5,1,4,0,wind_tunnel_takeoff,2026-09-04T18:02:48.306,5.089,5.089,5.089,1,-11,0,88,289.0,0.0,88,300,0,80,1,0,0,11.0,0.0,-8,13.601,12.282,25.841,90,90,,0,0,4,2.0,4.0,-173.0,0,0,0,-4.0,-54.0,-990.0,55,59,84,80,0.67,4
20260904_180239,wind_tunnel_front_75_side_lv1_001,front,side wind,Level1,75,wind_tunnel,20,0,drone_5,192.168.0.104,B12,5,wind_tunnel_position_5,1,4,0,wind_tunnel_takeoff,2026-09-04T18:02:48.413,5.196,5.196,5.196,1,-12,0,87,288.0,0.0,87,300,0,80,1,0,0,12.0,0.0,-7,13.892,13.296,27.956,90,90,,0,0,4,2.0,4.0,-174.0,0,0,0,-45.0,-47.0,-948.0,55,59,83,80,0.66,5
20260904_180239,wind_tunnel_front_75_side_lv1_001,front,side wind,Level1,75,wind_tunnel,20,0,drone_5,192.168.0.104,B12,5,wind_tunnel_position_5,1,4,0,wind_tunnel_takeoff,2026-09-04T18:02:48.515,5.297,5.297,5.297,1,-12,0,87,288.0,0.0,87,300,0,80,1,0,0,12.0,0.0,-7,13.892,13.28,27.956,90,90,,-1,0,3,2.0,4.0,-174.0,0,0,0,-15.0,-65.0,-998.0,55,59,83,80,0.51,5
20260904_180239,wind_tunnel_front_75_side_lv1_001,front,side wind,Level1,75,wind_tunnel,20,0,drone_5,192.168.0.104,B12,5,wind_tunnel_position_5,1,4,0,wind_tunnel_takeoff,2026-09-04T18:02:48.622,5.405,5.405,5.405,1,-12,0,87,288.0,0.0,87,300,0,80,1,0,0,12.0,0.0,-7,13.892,13.28,27.956,90,90,,0,0,3,2.0,4.0,-174.0,0,0,0,-50.0,-54.0,-1043.0,55,59,83,80,0.45,5
20260904_180239,wind_tunnel_front_75_side_lv1_001,front,side wind,Level1,75,wind_tunnel,20,0,drone_5,192.168.0.104,B12,5,wind_tunnel_position_5,1,4,0,wind_tunnel_takeoff,2026-09-04T18:02:48.729,5.511,5.511,5.511,1,-12,0,87,288.0,0.0,87,300,0,80,1,0,0,12.0,0.0,-7,13.892,12.882,26.966,90,90,,0,-2,4,2.0,4.0,-174.0,0,0,0,-67.0,-9.0,-960.0,55,59,82,80,0.45,5
20260904_180239,wind_tunnel_front_75_side_lv1_001,front,side wind,Level1,75,wind_tunnel,20,0,drone_5,192.168.0.104,B12,5,wind_tunnel_position_5,1,4,0,wind_tunnel_takeoff,2026-09-04T18:02:48.832,5.615,5.615,5.615,1,-11,0,86,289.0,0.0,86,300,0,80,1,0,0,11.0,0.0,-6,12.53,13.532,29.235,90,90,,0,-2,3,0.0,4.0,-173.0,0,0,0,-44.0,-49.0,-1019.0,55,58,83,80,0.43,5
20260904_180239,wind_tunnel_front_75_side_lv1_001,front,side wind,Level1,75,wind_tunnel,20,0,drone_5,192.168.0.104,B12,5,wind_tunnel_position_5,1,4,0,wind_tunnel_takeoff,2026-09-04T18:02:48.938,5.721,5.721,5.721,1,-11,0,86,289.0,0.0,86,300,0,80,1,0,0,11.0,0.0,-6,12.53,13.531,29.235,90,90,,0,-2,2,0.0,4.0,-173.0,0,0,0,-52.0,-45.0,-993.0,55,58,82,80,0.45,5
20260904_180239,wind_tunnel_front_75_side_lv1_001,front,side wind,Level1,75,wind_tunnel,20,0,drone_5,192.168.0.104,B12,5,wind_tunnel_position_5,1,4,0,wind_tunnel_takeoff,2026-09-04T18:02:49.040,5.823,5.823,5.823,1,-11,0,86,289.0,0.0,86,300,0,80,1,0,0,11.0,0.0,-6,12.53,13.531,29.235,90,90,,0,-2,1,0.0,4.0,-173.0,0,0,0,-29.0,-58.0,-965.0,55,58,83,80,0.51,5
20260904_180239,wind_tunnel_front_75_side_lv1_001,front,side wind,Level1,75,wind_tunnel,20,0,drone_5,192.168.0.104,B12,5,wind_tunnel_position_5,1,4,0,wind_tunnel_takeoff,2026-09-04T18:02:49.148,5.931,5.931,5.931,1,-9,2,84,291.0,2.0,84,300,0,80,1,0,0,9.0,-2.0,-4,10.05,13.572,30.546,90,90,,0,-2,2,3.0,4.0,-175.0,0,0,0,-41.0,-38.0,-997.0,55,58,83,80,0.44,5
20260904_180239,wind_tunnel_front_75_side_lv1_001,front,side wind,Level1,75,wind_tunnel,20,0,drone_5,192.168.0.104,B12,5,wind_tunnel_position_5,1,4,0,wind_tunnel_takeoff,2026-09-04T18:02:49.256,6.039,6.039,6.039,1,-9,2,84,291.0,2.0,84,300,0,80,1,0,0,9.0,-2.0,-4,10.05,13.576,30.546,90,90,,0,-2,1,3.0,4.0,-175.0,0,0,0,-28.0,-61.0,-1016.0,55,58,83,80,0.38,5
20260904_180239,wind_tunnel_front_75_side_lv1_001,front,side wind,Level1,75,wind_tunnel,20,0,drone_5,192.168.0.104,B12,5,wind_tunnel_position_5,1,4,0,wind_tunnel_takeoff,2026-09-04T18:02:49.364,6.147,6.147,6.147,1,-9,2,84,291.0,2.0,84,300,0,80,1,0,0,9.0,-2.0,-4,10.05,13.576,30.546,90,90,,0,-2,0,3.0,4.0,-175.0,0,0,0,-36.0,-74.0,-1021.0,55,58,83,80,0.37,5
20260904_180239,wind_tunnel_front_75_side_lv1_001,front,side wind,Level1,75,wind_tunnel,20,0,drone_5,192.168.0.104,B12,5,wind_tunnel_position_5,1,4,0,wind_tunnel_takeoff,2026-09-04T18:02:49.470,6.253,6.253,6.253,1,-9,2,84,291.0,2.0,84,300,0,80,1,0,0,9.0,-2.0,-4,10.05,13.212,29.738,90,90,,0,-1,3,3.0,4.0,-175.0,0,0,0,-21.0,-64.0,-974.0,55,58,83,80,0.5,6
20260904_180239,wind_tunnel_front_75_side_lv1_001,front,side wind,Level1,75,wind_tunnel,20,0,drone_5,192.168.0.104,B12,5,wind_tunnel_position_5,1,4,0,wind_tunnel_takeoff,2026-09-04T18:02:49.576,6.359,6.359,6.359,1,-12,-2,85,288.0,-2.0,85,300,0,80,1,0,0,12.0,2.0,-5,13.153,14.597,31.705,90,90,,0,-1,2,1.0,4.0,-175.0,0,0,0,-58.0,-63.0,-1014.0,55,58,82,80,0.39,6
20260904_180239,wind_tunnel_front_75_side_lv1_001,front,side wind,Level1,75,wind_tunnel,20,0,drone_5,192.168.0.104,B12,5,wind_tunnel_position_5,1,4,0,wind_tunnel_takeoff,2026-09-04T18:02:49.683,6.466,6.466,6.466,1,-12,-2,85,288.0,-2.0,85,300,0,80,1,0,0,12.0,2.0,-5,13.153,14.579,31.705,90,90,,0,-2,3,1.0,4.0,-175.0,0,0,0,-19.0,-96.0,-965.0,55,58,83,80,0.46,6
20260904_180239,wind_tunnel_front_75_side_lv1_001,front,side wind,Level1,75,wind_tunnel,20,0,drone_5,192.168.0.104,B12,5,wind_tunnel_position_5,1,4,0,wind_tunnel_takeoff,2026-09-04T18:02:49.790,6.572,6.572,6.572,1,-12,-2,85,288.0,-2.0,85,300,0,80,1,0,0,12.0,2.0,-5,13.153,14.579,31.705,90,90,,0,-1,3,1.0,4.0,-175.0,0,0,0,-1.0,-53.0,-968.0,56,59,83,80,0.53,6
20260904_180239,wind_tunnel_front_75_side_lv1_001,front,side wind,Level1,75,wind_tunnel,20,0,drone_5,192.168.0.104,B12,5,wind_tunnel_position_5,1,4,0,wind_tunnel_takeoff,2026-09-04T18:02:49.896,6.679,6.679,6.679,1,-12,-3,84,288.0,-3.0,84,300,0,80,1,0,0,12.0,3.0,-4,13.0,14.805,31.888,90,90,,-1,-1,4,0.0,3.0,-174.0,0,0,0,-30.0,-75.0,-970.0,56,59,82,80,0.41,6
20260904_180239,wind_tunnel_front_75_side_lv1_001,front,side wind,Level1,75,wind_tunnel,20,0,drone_5,192.168.0.104,B12,5,wind_tunnel_position_5,1,4,0,wind_tunnel_takeoff,2026-09-04T18:02:50.002,6.785,6.785,6.785,1,-12,-3,84,288.0,-3.0,84,300,0,80,1,0,0,12.0,3.0,-4,13.0,13.24,27.772,90,90,,-1,-1,4,0.0,3.0,-174.0,0,0,0,-30.0,-75.0,-970.0,56,59,82,80,0.41,6
20260904_180239,wind_tunnel_front_75_side_lv1_001,front,side wind,Level1,75,wind_tunnel,20,0,drone_5,192.168.0.104,B12,5,wind_tunnel_position_5,1,4,0,wind_tunnel_takeoff,2026-09-04T18:02:50.106,6.889,6.889,6.889,1,-12,-3,84,288.0,-3.0,84,300,0,80,1,0,0,12.0,3.0,-4,13.0,13.272,27.772,90,90,,-1,0,4,0.0,3.0,-174.0,0,0,0,-13.0,-81.0,-1018.0,56,59,82,80,0.33,6
20260904_180239,wind_tunnel_front_75_side_lv1_001,front,side wind,Level1,75,wind_tunnel,20,0,drone_5,192.168.0.104,B12,5,wind_tunnel_position_5,1,4,0,wind_tunnel_takeoff,2026-09-04T18:02:50.215,6.997,6.997,6.997,1,-12,-2,84,288.0,-2.0,84,300,0,80,1,0,0,12.0,2.0,-4,12.806,15.722,34.238,90,90,,0,0,4,0.0,4.0,-174.0,0,0,0,-33.0,-55.0,-988.0,56,59,82,80,0.42,6
20260904_180239,wind_tunnel_front_75_side_lv1_001,front,side wind,Level1,75,wind_tunnel,20,0,drone_5,192.168.0.104,B12,5,wind_tunnel_position_5,1,4,0,wind_tunnel_takeoff,2026-09-04T18:02:50.321,7.103,7.103,7.103,1,-12,-2,84,288.0,-2.0,84,300,0,80,1,0,0,12.0,2.0,-4,12.806,15.731,34.238,90,90,,-1,0,3,0.0,4.0,-174.0,0,0,0,-23.0,-75.0,-1037.0,56,59,81,80,0.49,6
20260904_180239,wind_tunnel_front_75_side_lv1_001,front,side wind,Level1,75,wind_tunnel,20,0,drone_5,192.168.0.104,B12,5,wind_tunnel_position_5,1,4,0,wind_tunnel_takeoff,2026-09-04T18:02:50.428,7.21,7.21,7.21,1,-12,-2,84,288.0,-2.0,84,300,0,80,1,0,0,12.0,2.0,-4,12.806,15.749,34.238,90,90,,0,-1,3,0.0,4.0,-174.0,0,0,0,-14.0,-88.0,-1015.0,56,59,82,80,0.37,7
20260904_180239,wind_tunnel_front_75_side_lv1_001,front,side wind,Level1,75,wind_tunnel,20,0,drone_5,192.168.0.104,B12,5,wind_tunnel_position_5,1,4,0,wind_tunnel_takeoff,2026-09-04T18:02:50.531,7.314,7.314,7.314,1,-12,-2,84,288.0,-2.0,84,300,0,80,1,0,0,12.0,2.0,-4,12.806,15.749,34.238,90,90,,0,0,4,0.0,4.0,-174.0,0,0,0,-14.0,-70.0,-1018.0,56,59,82,80,0.46,7
20260904_180239,wind_tunnel_front_75_side_lv1_001,front,side wind,Level1,75,wind_tunnel,20,0,drone_5,192.168.0.104,B12,5,wind_tunnel_position_5,1,4,0,wind_tunnel_takeoff,2026-09-04T18:02:50.635,7.418,7.418,7.418,1,-6,0,84,294.0,0.0,84,300,0,80,1,0,0,6.0,0.0,-4,7.211,14.922,35.023,90,90,,0,0,4,2.0,4.0,-174.0,0,0,0,-29.0,-56.0,-982.0,56,59,82,80,0.45,7
20260904_180239,wind_tunnel_front_75_side_lv1_001,front,side wind,Level1,75,wind_tunnel,20,0,drone_5,192.168.0.104,B12,5,wind_tunnel_position_5,1,4,0,wind_tunnel_takeoff,2026-09-04T18:02:50.739,7.522,7.522,7.522,1,-6,0,84,294.0,0.0,84,300,0,80,1,0,0,6.0,0.0,-4,7.211,14.692,35.023,90,90,,0,-1,2,2.0,4.0,-174.0,0,0,0,-34.0,-70.0,-945.0,56,59,82,80,0.49,7
20260904_180239,wind_tunnel_front_75_side_lv1_001,front,side wind,Level1,75,wind_tunnel,20,0,drone_5,192.168.0.104,B12,5,wind_tunnel_position_5,1,4,0,wind_tunnel_takeoff,2026-09-04T18:02:50.844,7.626,7.626,7.626,1,-6,0,84,294.0,0.0,84,300,0,80,1,0,0,6.0,0.0,-4,7.211,14.692,35.023,90,90,,0,0,4,2.0,4.0,-174.0,0,0,0,-19.0,-57.0,-1020.0,56,58,82,80,0.3,7
20260904_180239,wind_tunnel_front_75_side_lv1_001,front,side wind,Level1,75,wind_tunnel,20,0,drone_5,192.168.0.104,B12,5,wind_tunnel_position_5,1,4,0,wind_tunnel_takeoff,2026-09-04T18:02:50.951,7.733,7.733,7.733,1,-6,0,84,294.0,0.0,84,300,0,80,1,0,0,6.0,0.0,-4,7.211,14.732,35.218,90,90,,0,0,4,2.0,4.0,-174.0,0,0,0,-26.0,-60.0,-997.0,56,58,81,80,0.58,7
20260904_180239,wind_tunnel_front_75_side_lv1_001,front,side wind,Level1,75,wind_tunnel,20,0,drone_5,192.168.0.104,B12,5,wind_tunnel_position_5,1,4,0,wind_tunnel_takeoff,2026-09-04T18:02:51.057,7.839,7.839,7.839,1,-8,-1,83,292.0,-1.0,83,300,0,80,1,0,0,8.0,1.0,-3,8.602,15.129,35.422,90,90,,-1,0,2,0.0,4.0,-172.0,0,0,0,3.0,-85.0,-1024.0,56,58,81,80,0.46,7
20260904_180239,wind_tunnel_front_75_side_lv1_001,front,side wind,Level1,75,wind_tunnel,20,0,drone_5,192.168.0.104,B12,5,wind_tunnel_position_5,1,4,0,wind_tunnel_takeoff,2026-09-04T18:02:51.163,7.945,7.945,7.945,1,-8,-1,83,292.0,-1.0,83,300,0,80,1,0,0,8.0,1.0,-3,8.602,15.128,35.422,90,90,,-1,0,4,0.0,4.0,-172.0,0,0,0,-38.0,-32.0,-944.0,56,58,81,80,0.39,7
20260904_180239,wind_tunnel_front_75_side_lv1_001,front,side wind,Level1,75,wind_tunnel,20,0,drone_5,192.168.0.104,B12,5,wind_tunnel_position_5,1,4,0,wind_tunnel_takeoff,2026-09-04T18:02:51.267,8.05,8.05,8.05,1,-8,-1,83,292.0,-1.0,83,300,0,80,1,0,0,8.0,1.0,-3,8.602,15.128,35.422,90,90,,-1,0,3,0.0,4.0,-172.0,0,0,0,-34.0,-45.0,-1039.0,56,58,80,80,0.4,7
20260904_180239,wind_tunnel_front_75_side_lv1_001,front,side wind,Level1,75,wind_tunnel,20,0,drone_5,192.168.0.104,B12,5,wind_tunnel_position_5,1,4,0,wind_tunnel_takeoff,2026-09-04T18:02:51.374,8.156,8.156,8.156,1,-8,-1,83,292.0,-1.0,83,300,0,80,1,0,0,8.0,1.0,-3,8.602,16.52,38.159,90,90,,-1,-1,1,-2.0,5.0,-173.0,0,0,0,23.0,-74.0,-1072.0,56,58,80,80,0.48,8
20260904_180239,wind_tunnel_front_75_side_lv1_001,front,side wind,Level1,75,wind_tunnel,20,0,drone_5,192.168.0.104,B12,5,wind_tunnel_position_5,1,4,0,wind_tunnel_takeoff,2026-09-04T18:02:51.481,8.263,8.263,8.263,1,-8,-1,83,292.0,-1.0,83,300,0,80,1,0,0,8.0,1.0,-3,8.602,15.539,35.023,90,90,,0,0,3,-2.0,5.0,-173.0,0,0,0,-17.0,-45.0,-1017.0,56,58,80,80,0.38,8
20260904_180239,wind_tunnel_front_75_side_lv1_001,front,side wind,Level1,75,wind_tunnel,20,0,drone_5,192.168.0.104,B12,5,wind_tunnel_position_5,1,4,0,wind_tunnel_takeoff,2026-09-04T18:02:51.587,8.37,8.37,8.37,1,-8,-1,83,292.0,-1.0,83,300,0,80,1,0,0,8.0,1.0,-3,8.602,15.508,35.023,90,90,,0,0,1,-2.0,5.0,-173.0,0,0,0,-41.0,-31.0,-1028.0,56,58,81,80,0.5,8
20260904_180239,wind_tunnel_front_75_side_lv1_001,front,side wind,Level1,75,wind_tunnel,20,0,drone_5,192.168.0.104,B12,5,wind_tunnel_position_5,1,4,0,wind_tunnel_takeoff,2026-09-04T18:02:51.690,8.472,8.472,8.472,1,-6,-2,83,294.0,-2.0,83,300,0,80,1,0,0,6.0,2.0,-3,7.0,15.858,36.803,90,90,,0,0,1,0.0,5.0,-175.0,0,0,0,-67.0,-28.0,-991.0,56,58,81,80,0.36,8
20260904_180239,wind_tunnel_front_75_side_lv1_001,front,side wind,Level1,75,wind_tunnel,20,0,drone_5,192.168.0.104,B12,5,wind_tunnel_position_5,1,4,0,acquire_start_pad,2026-09-04T18:02:51.798,8.58,8.58,8.58,1,-6,-2,83,294.0,-2.0,83,300,0,80,1,0,0,6.0,2.0,-3,7.0,15.82,37.614,89,90,,0,-1,0,0.0,5.0,-175.0,0,0,0,-28.0,-57.0,-1000.0,56,58,81,80,0.46,8
20260904_180239,wind_tunnel_front_75_side_lv1_001,front,side wind,Level1,75,wind_tunnel,20,0,drone_5,192.168.0.104,B12,5,wind_tunnel_position_5,1,4,0,acquire_start_pad,2026-09-04T18:02:51.903,8.686,8.686,8.686,1,-6,-2,83,294.0,-2.0,83,300,0,80,1,0,0,6.0,2.0,-3,7.0,15.854,37.614,89,90,,0,-2,1,0.0,5.0,-175.0,0,0,0,-2.0,-49.0,-985.0,56,58,82,80,0.46,8
20260904_180239,wind_tunnel_front_75_side_lv1_001,front,side wind,Level1,75,wind_tunnel,20,0,drone_5,192.168.0.104,B12,5,wind_tunnel_position_5,1,4,0,acquire_start_pad,2026-09-04T18:02:52.008,8.791,8.791,8.791,1,-6,-2,83,294.0,-2.0,83,300,0,80,1,0,0,6.0,2.0,-3,7.0,15.854,37.614,89,90,,0,-1,2,0.0,5.0,-175.0,0,0,0,-44.0,-17.0,-973.0,56,58,83,80,0.47,8
20260904_180239,wind_tunnel_front_75_side_lv1_001,front,side wind,Level1,75,wind_tunnel,20,0,drone_5,192.168.0.104,B12,5,wind_tunnel_position_5,1,4,0,wind_tunnel_centering,2026-09-04T18:02:52.114,8.897,8.897,8.897,1,-5,-2,83,295.0,-2.0,83,300,0,80,1,0,0,5.0,2.0,-3,6.164,16.587,39.272,89,90,,0,0,1,0.0,4.0,-178.0,0,0,0,-59.0,-31.0,-991.0,56,58,83,80,0.48,8
20260904_180239,wind_tunnel_front_75_side_lv1_001,front,side wind,Level1,75,wind_tunnel,20,0,drone_5,192.168.0.104,B12,5,wind_tunnel_position_5,1,4,0,wind_tunnel_centering,2026-09-04T18:02:52.223,9.006,9.006,9.006,1,-5,-2,83,295.0,-2.0,83,300,0,80,1,0,0,5.0,2.0,-3,6.164,17.213,39.272,89,90,,0,-2,1,0.0,4.0,-178.0,0,0,0,-20.0,-49.0,-995.0,56,58,83,80,0.49,8
20260904_180239,wind_tunnel_front_75_side_lv1_001,front,side wind,Level1,75,wind_tunnel,20,0,drone_5,192.168.0.104,B12,5,wind_tunnel_position_5,1,4,0,wind_tunnel_centering,2026-09-04T18:02:52.329,9.112,9.112,9.112,1,-5,-2,83,295.0,-2.0,83,300,0,80,1,0,0,5.0,2.0,-3,6.164,17.196,39.272,89,90,,0,-1,2,0.0,4.0,-178.0,0,0,0,-25.0,-49.0,-1003.0,56,58,83,80,0.51,8
20260904_180239,wind_tunnel_front_75_side_lv1_001,front,side wind,Level1,75,wind_tunnel,20,0,drone_5,192.168.0.104,B12,5,wind_tunnel_position_5,1,4,0,wind_tunnel_centering,2026-09-04T18:02:52.437,9.22,9.22,9.22,1,-5,-2,83,295.0,-2.0,83,300,0,80,1,0,0,5.0,2.0,-3,6.164,17.196,39.272,89,90,,0,-1,2,0.0,4.0,-178.0,0,0,0,-32.0,-20.0,-994.0,56,58,84,80,0.45,9
20260904_180239,wind_tunnel_front_75_side_lv1_001,front,side wind,Level1,75,wind_tunnel,20,0,drone_5,192.168.0.104,B12,5,wind_tunnel_position_5,1,4,0,wind_tunnel_centering,2026-09-04T18:02:52.543,9.326,9.326,9.326,1,-5,-1,85,295.0,-1.0,85,300,0,80,1,0,0,5.0,1.0,-5,7.141,18.452,43.533,89,90,,0,-1,0,0.0,4.0,179.0,0,0,0,-17.0,-81.0,-1027.0,56,58,84,80,0.46,9
20260904_180239,wind_tunnel_front_75_side_lv1_001,front,side wind,Level1,75,wind_tunnel,20,0,drone_5,192.168.0.104,B12,5,wind_tunnel_position_5,1,4,0,wind_tunnel_centering,2026-09-04T18:02:52.650,9.433,9.433,9.433,1,-5,-1,85,295.0,-1.0,85,300,0,80,1,0,0,5.0,1.0,-5,7.141,18.236,43.533,89,90,,0,-2,1,0.0,4.0,179.0,0,0,0,-31.0,-41.0,-993.0,56,58,84,80,0.46,9
20260904_180239,wind_tunnel_front_75_side_lv1_001,front,side wind,Level1,75,wind_tunnel,20,0,drone_5,192.168.0.104,B12,5,wind_tunnel_position_5,1,4,0,wind_tunnel_centering,2026-09-04T18:02:52.756,9.539,9.539,9.539,1,-5,-1,85,295.0,-1.0,85,300,0,80,1,0,0,5.0,1.0,-5,7.141,18.236,43.533,89,90,,0,-2,2,0.0,4.0,179.0,0,0,0,-13.0,-51.0,-971.0,56,58,85,80,0.53,9
20260904_180239,wind_tunnel_front_75_side_lv1_001,front,side wind,Level1,75,wind_tunnel,20,0,drone_5,192.168.0.104,B12,5,wind_tunnel_position_5,1,4,0,wind_tunnel_centering,2026-09-04T18:02:52.862,9.644,9.644,9.644,1,-5,-1,85,295.0,-1.0,85,300,0,80,1,0,0,5.0,1.0,-5,7.141,18.489,44.683,89,90,,0,0,2,0.0,4.0,179.0,0,0,0,-12.0,-55.0,-974.0,55,59,86,80,0.44,9
20260904_180239,wind_tunnel_front_75_side_lv1_001,front,side wind,Level1,75,wind_tunnel,20,0,drone_5,192.168.0.104,B12,5,wind_tunnel_position_5,1,4,0,wind_tunnel_centering,2026-09-04T18:02:52.965,9.747,9.747,9.747,1,-6,-3,87,294.0,-3.0,87,300,0,80,1,0,0,6.0,3.0,-7,9.695,19.073,46.017,89,90,,0,-1,1,0.0,4.0,180.0,0,0,0,-25.0,-15.0,-977.0,55,59,86,80,0.4,9
20260904_180239,wind_tunnel_front_75_side_lv1_001,front,side wind,Level1,75,wind_tunnel,20,0,drone_5,192.168.0.104,B12,5,wind_tunnel_position_5,1,4,0,wind_tunnel_centering,2026-09-04T18:02:53.071,9.854,9.854,9.854,1,-6,-3,87,294.0,-3.0,87,300,0,80,1,0,0,6.0,3.0,-7,9.695,19.112,46.017,89,90,,0,-1,1,0.0,4.0,180.0,0,0,0,-48.0,-19.0,-1001.0,55,59,85,80,0.56,9
20260904_180239,wind_tunnel_front_75_side_lv1_001,front,side wind,Level1,75,wind_tunnel,20,0,drone_5,192.168.0.104,B12,5,wind_tunnel_position_5,1,4,0,wind_tunnel_centering,2026-09-04T18:02:53.173,9.956,9.956,9.956,1,-6,-3,87,294.0,-3.0,87,300,0,80,1,0,0,6.0,3.0,-7,9.695,19.112,46.017,89,90,,0,-1,1,0.0,4.0,180.0,0,0,0,-34.0,-33.0,-1005.0,55,59,85,80,0.49,9
20260904_180239,wind_tunnel_front_75_side_lv1_001,front,side wind,Level1,75,wind_tunnel,20,0,drone_5,192.168.0.104,B12,5,wind_tunnel_position_5,1,4,0,wind_tunnel_centering,2026-09-04T18:02:53.279,10.062,10.062,10.062,1,-7,-3,87,293.0,-3.0,87,300,0,80,1,0,0,7.0,3.0,-7,10.344,19.306,46.017,89,90,,0,-1,2,0.0,4.0,-178.0,0,0,0,-67.0,-18.0,-972.0,55,59,85,80,0.58,9
20260904_180239,wind_tunnel_front_75_side_lv1_001,front,side wind,Level1,75,wind_tunnel,20,0,drone_5,192.168.0.104,B12,5,wind_tunnel_position_5,1,4,0,wind_tunnel_centering,2026-09-04T18:02:53.381,10.164,10.164,10.164,1,-7,-3,87,293.0,-3.0,87,300,0,80,1,0,0,7.0,3.0,-7,10.344,19.898,47.184,89,90,,0,-1,2,0.0,4.0,-178.0,0,0,0,-13.0,-58.0,-991.0,55,59,85,80,0.46,9
20260904_180239,wind_tunnel_front_75_side_lv1_001,front,side wind,Level1,75,wind_tunnel,20,0,drone_5,192.168.0.104,B12,5,wind_tunnel_position_5,1,4,0,wind_tunnel_centering,2026-09-04T18:02:53.487,10.27,10.27,10.27,1,-7,-3,87,293.0,-3.0,87,300,0,80,1,0,0,7.0,3.0,-7,10.344,19.881,47.184,89,90,,0,-1,2,0.0,4.0,-178.0,0,0,0,-26.0,-43.0,-969.0,55,59,85,80,0.51,10
20260904_180239,wind_tunnel_front_75_side_lv1_001,front,side wind,Level1,75,wind_tunnel,20,0,drone_5,192.168.0.104,B12,5,wind_tunnel_position_5,1,4,0,wind_tunnel_centering,2026-09-04T18:02:53.590,10.372,10.372,10.372,1,-7,-3,87,293.0,-3.0,87,300,0,80,1,0,0,7.0,3.0,-7,10.344,20.984,50.634,89,90,,0,-1,2,0.0,4.0,-178.0,0,0,0,-39.0,-25.0,-963.0,55,59,84,80,0.56,10
20260904_180239,wind_tunnel_front_75_side_lv1_001,front,side wind,Level1,75,wind_tunnel,20,0,drone_5,192.168.0.104,B12,5,wind_tunnel_position_5,1,4,0,wind_tunnel_centering,2026-09-04T18:02:53.695,10.478,10.478,10.478,1,-8,-2,87,292.0,-2.0,87,300,0,80,1,0,0,8.0,2.0,-7,10.817,21.39,51.606,89,90,,0,-1,2,0.0,4.0,-178.0,0,0,0,-48.0,-28.0,-989.0,55,59,84,80,0.44,10
20260904_180239,wind_tunnel_front_75_side_lv1_001,front,side wind,Level1,75,wind_tunnel,20,0,drone_5,192.168.0.104,B12,5,wind_tunnel_position_5,1,4,0,wind_tunnel_centering,2026-09-04T18:02:53.798,10.581,10.581,10.581,1,-8,-2,87,292.0,-2.0,87,300,0,80,1,0,0,8.0,2.0,-7,10.817,21.391,51.606,89,90,,0,-1,1,0.0,4.0,-178.0,0,0,0,-23.0,-39.0,-978.0,55,59,84,80,0.49,10
20260904_180239,wind_tunnel_front_75_side_lv1_001,front,side wind,Level1,75,wind_tunnel,20,0,drone_5,192.168.0.104,B12,5,wind_tunnel_position_5,1,4,0,wind_tunnel_centering,2026-09-04T18:02:53.904,10.687,10.687,10.687,1,-8,-2,87,292.0,-2.0,87,300,0,80,1,0,0,8.0,2.0,-7,10.817,21.391,51.606,89,90,,0,-1,1,0.0,4.0,-178.0,0,0,0,-17.0,-42.0,-1004.0,56,59,84,80,0.51,10
20260904_180239,wind_tunnel_front_75_side_lv1_001,front,side wind,Level1,75,wind_tunnel,20,0,drone_5,192.168.0.104,B12,5,wind_tunnel_position_5,1,4,0,wind_tunnel_centering,2026-09-04T18:02:54.010,10.793,10.793,10.793,1,-8,-2,87,292.0,-2.0,87,300,0,80,1,0,0,8.0,2.0,-7,10.817,27.439,66.439,89,90,,0,-1,1,0.0,4.0,-178.0,0,0,0,-13.0,-42.0,-1059.0,56,59,84,80,0.44,10
20260904_180239,wind_tunnel_front_75_side_lv1_001,front,side wind,Level1,75,wind_tunnel,20,0,drone_5,192.168.0.104,B12,5,wind_tunnel_position_5,1,4,0,wind_tunnel_centering,2026-09-04T18:02:54.118,10.9,10.9,10.9,1,-7,-4,86,293.0,-4.0,86,300,0,80,1,0,0,7.0,4.0,-6,10.05,27.415,66.439,89,90,,0,0,2,0.0,4.0,-177.0,0,0,0,-38.0,-14.0,-982.0,56,59,83,80,0.6,10
20260904_180239,wind_tunnel_front_75_side_lv1_001,front,side wind,Level1,75,wind_tunnel,20,0,drone_5,192.168.0.104,B12,5,wind_tunnel_position_5,1,4,0,wind_tunnel_centering,2026-09-04T18:02:54.220,11.003,11.003,11.003,1,-7,-4,86,293.0,-4.0,86,300,0,80,1,0,0,7.0,4.0,-6,10.05,27.64,66.439,89,90,,0,-1,2,0.0,4.0,-177.0,0,0,0,-23.0,-53.0,-986.0,56,59,84,80,0.6,10
20260904_180239,wind_tunnel_front_75_side_lv1_001,front,side wind,Level1,75,wind_tunnel,20,0,drone_5,192.168.0.104,B12,5,wind_tunnel_position_5,1,4,0,wind_tunnel_centering,2026-09-04T18:02:54.326,11.109,11.109,11.109,1,-7,-4,86,293.0,-4.0,86,300,0,80,1,0,0,7.0,4.0,-6,10.05,27.64,66.439,89,90,,0,-2,1,0.0,4.0,-177.0,0,0,0,-23.0,-46.0,-978.0,56,59,84,80,0.56,10
20260904_180239,wind_tunnel_front_75_side_lv1_001,front,side wind,Level1,75,wind_tunnel,20,0,drone_5,192.168.0.104,B12,5,wind_tunnel_position_5,1,4,0,wind_tunnel_centering,2026-09-04T18:02:54.431,11.213,11.213,11.213,1,-6,-3,86,294.0,-3.0,86,300,0,80,1,0,0,6.0,3.0,-6,9.0,29.443,70.561,89,90,,0,-1,1,0.0,4.0,-178.0,0,0,0,-35.0,-33.0,-994.0,56,59,84,80,0.5,11
20260904_180239,wind_tunnel_front_75_side_lv1_001,front,side wind,Level1,75,wind_tunnel,20,0,drone_5,192.168.0.104,B12,5,wind_tunnel_position_5,1,4,0,wind_tunnel_centering,2026-09-04T18:02:54.537,11.32,11.32,11.32,1,-6,-3,86,294.0,-3.0,86,300,0,80,1,0,0,6.0,3.0,-6,9.0,29.443,70.561,89,90,,0,0,2,0.0,4.0,-178.0,0,0,0,-13.0,-40.0,-1007.0,56,59,84,80,0.5,11
20260904_180239,wind_tunnel_front_75_side_lv1_001,front,side wind,Level1,75,wind_tunnel,20,0,drone_5,192.168.0.104,B12,5,wind_tunnel_position_5,1,4,0,wind_tunnel_centering,2026-09-04T18:02:54.640,11.422,11.422,11.422,1,-6,-3,86,294.0,-3.0,86,300,0,80,1,0,0,6.0,3.0,-6,9.0,29.591,70.561,89,90,,0,-1,2,0.0,4.0,-178.0,0,0,0,-30.0,-26.0,-974.0,56,59,84,80,0.49,11
20260904_180239,wind_tunnel_front_75_side_lv1_001,front,side wind,Level1,75,wind_tunnel,20,0,drone_5,192.168.0.104,B12,5,wind_tunnel_position_5,1,4,0,wind_tunnel_centering,2026-09-04T18:02:54.741,11.524,11.524,11.524,1,-6,-3,86,294.0,-3.0,86,300,0,80,1,0,0,6.0,3.0,-6,9.0,10.37,19.421,89,90,,0,-1,1,0.0,4.0,-178.0,0,0,0,-32.0,-26.0,-973.0,56,59,84,80,0.56,11
20260904_180239,wind_tunnel_front_75_side_lv1_001,front,side wind,Level1,75,wind_tunnel,20,0,drone_5,192.168.0.104,B12,5,wind_tunnel_position_5,1,4,0,wind_tunnel_centering,2026-09-04T18:02:54.843,11.626,11.626,11.626,1,-8,-2,86,292.0,-2.0,86,300,0,80,1,0,0,8.0,2.0,-6,10.198,10.039,17.572,89,90,,0,0,1,0.0,4.0,179.0,0,0,0,-28.0,-23.0,-991.0,56,59,85,80,0.48,11
20260904_180239,wind_tunnel_front_75_side_lv1_001,front,side wind,Level1,75,wind_tunnel,20,0,drone_5,192.168.0.104,B12,5,wind_tunnel_position_5,1,4,0,wind_tunnel_centering,2026-09-04T18:02:54.948,11.731,11.731,11.731,1,-8,-2,86,292.0,-2.0,86,300,0,80,1,0,0,8.0,2.0,-6,10.198,10.039,17.572,89,90,,0,-1,1,0.0,4.0,179.0,0,0,0,-27.0,-30.0,-1001.0,56,59,84,80,0.57,11
20260904_180239,wind_tunnel_front_75_side_lv1_001,front,side wind,Level1,75,wind_tunnel,20,0,drone_5,192.168.0.104,B12,5,wind_tunnel_position_5,1,4,0,wind_tunnel_centering,2026-09-04T18:02:55.054,11.837,11.837,11.837,1,-8,-2,86,292.0,-2.0,86,300,0,80,1,0,0,8.0,2.0,-6,10.198,10.498,18.777,89,90,,0,-1,1,0.0,4.0,179.0,0,0,0,-20.0,-17.0,-1004.0,56,59,85,80,0.52,11
20260904_180239,wind_tunnel_front_75_side_lv1_001,front,side wind,Level1,75,wind_tunnel,20,0,drone_5,192.168.0.104,B12,5,wind_tunnel_position_5,1,4,0,wind_tunnel_centering,2026-09-04T18:02:55.161,11.944,11.944,11.944,1,-6,-1,87,294.0,-1.0,87,300,0,80,1,0,0,6.0,1.0,-7,9.274,10.111,18.777,89,90,,0,-1,1,0.0,4.0,179.0,0,0,0,-44.0,-4.0,-969.0,56,59,84,80,0.51,11
20260904_180239,wind_tunnel_front_75_side_lv1_001,front,side wind,Level1,75,wind_tunnel,20,0,drone_5,192.168.0.104,B12,5,wind_tunnel_position_5,1,4,0,wind_tunnel_centering,2026-09-04T18:02:55.265,12.047,12.047,12.047,1,-6,-1,87,294.0,-1.0,87,300,0,80,1,0,0,6.0,1.0,-7,9.274,10.111,18.777,89,90,,0,-1,1,0.0,4.0,179.0,0,0,0,-20.0,-57.0,-1010.0,56,59,86,80,0.46,11
20260904_180239,wind_tunnel_front_75_side_lv1_001,front,side wind,Level1,75,wind_tunnel,20,0,drone_5,192.168.0.104,B12,5,wind_tunnel_position_5,1,4,0,wind_tunnel_centering,2026-09-04T18:02:55.371,12.154,12.154,12.154,1,-6,-1,87,294.0,-1.0,87,300,0,80,1,0,0,6.0,1.0,-7,9.274,8.888,15.696,89,90,,0,0,1,0.0,4.0,179.0,0,0,0,-19.0,-45.0,-965.0,56,59,85,80,0.46,11
20260904_180239,wind_tunnel_front_75_side_lv1_001,front,side wind,Level1,75,wind_tunnel,20,0,drone_5,192.168.0.104,B12,5,wind_tunnel_position_5,1,4,0,wind_tunnel_centering,2026-09-04T18:02:55.474,12.257,12.257,12.257,1,-6,-1,87,294.0,-1.0,87,300,0,80,1,0,0,6.0,1.0,-7,9.274,8.888,15.696,89,90,,0,-1,2,0.0,4.0,179.0,0,0,0,-23.0,-39.0,-976.0,56,59,86,80,0.49,12
20260904_180239,wind_tunnel_front_75_side_lv1_001,front,side wind,Level1,75,wind_tunnel,20,0,drone_5,192.168.0.104,B12,5,wind_tunnel_position_5,1,4,0,wind_tunnel_centering,2026-09-04T18:02:55.578,12.36,12.36,12.36,1,-4,-2,88,296.0,-2.0,88,300,0,80,1,0,0,4.0,2.0,-8,9.165,9.225,17.572,89,90,,0,0,2,1.0,4.0,178.0,0,0,0,-18.0,-41.0,-977.0,56,59,86,80,0.49,12
20260904_180239,wind_tunnel_front_75_side_lv1_001,front,side wind,Level1,75,wind_tunnel,20,0,drone_5,192.168.0.104,B12,5,wind_tunnel_position_5,1,4,0,wind_tunnel_centering,2026-09-04T18:02:55.681,12.464,12.464,12.464,1,-4,-2,88,296.0,-2.0,88,300,0,80,1,0,0,4.0,2.0,-8,9.165,9.225,17.572,89,90,,0,-1,2,1.0,4.0,178.0,0,0,0,-37.0,-53.0,-1013.0,56,59,86,80,0.55,12
20260904_180239,wind_tunnel_front_75_side_lv1_001,front,side wind,Level1,75,wind_tunnel,20,0,drone_5,192.168.0.104,B12,5,wind_tunnel_position_5,1,4,0,wind_tunnel_centering,2026-09-04T18:02:55.789,12.572,12.572,12.572,1,-4,-2,88,296.0,-2.0,88,300,0,80,1,0,0,4.0,2.0,-8,9.165,11.142,22.227,89,90,,0,-1,1,1.0,4.0,178.0,0,0,0,4.0,-42.0,-1016.0,56,59,86,80,0.47,12
20260904_180239,wind_tunnel_front_75_side_lv1_001,front,side wind,Level1,75,wind_tunnel,20,0,drone_5,192.168.0.104,B12,5,wind_tunnel_position_5,1,4,0,wind_tunnel_centering,2026-09-04T18:02:55.895,12.678,12.678,12.678,1,-4,-2,88,296.0,-2.0,88,300,0,80,1,0,0,4.0,2.0,-8,9.165,11.158,22.227,88,90,,0,-1,2,1.0,4.0,178.0,0,0,0,-18.0,-36.0,-993.0,56,59,86,80,0.55,12
20260904_180239,wind_tunnel_front_75_side_lv1_001,front,side wind,Level1,75,wind_tunnel,20,0,drone_5,192.168.0.104,B12,5,wind_tunnel_position_5,1,4,0,wind_tunnel_centering,2026-09-04T18:02:56.001,12.784,12.784,12.784,1,-7,-4,88,293.0,-4.0,88,300,0,80,1,0,0,7.0,4.0,-8,11.358,11.719,22.227,88,90,,-1,0,3,-1.0,4.0,-178.0,0,0,0,-29.0,-20.0,-975.0,56,59,86,80,0.59,12
20260904_180239,wind_tunnel_front_75_side_lv1_001,front,side wind,Level1,75,wind_tunnel,20,0,drone_5,192.168.0.104,B12,5,wind_tunnel_position_5,1,4,0,wind_tunnel_centering,2026-09-04T18:02:56.105,12.888,12.888,12.888,1,-7,-4,88,293.0,-4.0,88,300,0,80,1,0,0,7.0,4.0,-8,11.358,11.215,20.658,88,90,,-1,0,3,-1.0,4.0,-178.0,0,0,0,-9.0,-24.0,-995.0,56,59,86,80,0.44,12
20260904_180239,wind_tunnel_front_75_side_lv1_001,front,side wind,Level1,75,wind_tunnel,20,0,drone_5,192.168.0.104,B12,5,wind_tunnel_position_5,1,4,0,wind_tunnel_centering,2026-09-04T18:02:56.210,12.992,12.992,12.992,1,-7,-4,88,293.0,-4.0,88,300,0,80,1,0,0,7.0,4.0,-8,11.358,11.215,20.658,88,90,,0,0,1,-1.0,4.0,-178.0,0,0,0,-18.0,-26.0,-1003.0,56,59,86,80,0.49,12
20260904_180239,wind_tunnel_front_75_side_lv1_001,front,side wind,Level1,75,wind_tunnel,20,0,drone_5,192.168.0.104,B12,5,wind_tunnel_position_5,1,4,0,wind_tunnel_centering,2026-09-04T18:02:56.313,13.095,13.095,13.095,1,-3,-2,88,297.0,-2.0,88,300,0,80,1,0,0,3.0,2.0,-8,8.775,10.511,20.871,88,90,,0,-1,1,0.0,5.0,-177.0,0,0,0,-17.0,-30.0,-984.0,56,59,85,80,0.45,12
20260904_180239,wind_tunnel_front_75_side_lv1_001,front,side wind,Level1,75,wind_tunnel,20,0,drone_5,192.168.0.104,B12,5,wind_tunnel_position_5,1,4,0,wind_tunnel_centering,2026-09-04T18:02:56.416,13.199,13.199,13.199,1,-3,-2,88,297.0,-2.0,88,300,0,80,1,0,0,3.0,2.0,-8,8.775,10.511,20.871,88,90,,0,-1,1,0.0,5.0,-177.0,0,0,0,-28.0,0.0,-989.0,56,59,85,80,0.5,13
20260904_180239,wind_tunnel_front_75_side_lv1_001,front,side wind,Level1,75,wind_tunnel,20,0,drone_5,192.168.0.104,B12,5,wind_tunnel_position_5,1,4,0,wind_tunnel_centering,2026-09-04T18:02:56.522,13.305,13.305,13.305,1,-3,-2,88,297.0,-2.0,88,300,0,80,1,0,0,3.0,2.0,-8,8.775,11.153,21.84,88,90,,0,-1,1,0.0,5.0,-177.0,0,0,0,-29.0,-21.0,-979.0,56,59,84,80,0.41,13
20260904_180239,wind_tunnel_front_75_side_lv1_001,front,side wind,Level1,75,wind_tunnel,20,0,drone_5,192.168.0.104,B12,5,wind_tunnel_position_5,1,4,0,wind_tunnel_centering,2026-09-04T18:02:56.630,13.413,13.413,13.413,1,-4,0,88,296.0,0.0,88,300,0,80,1,0,0,4.0,0.0,-8,8.944,11.39,21.84,88,90,,0,0,0,0.0,4.0,179.0,0,0,0,-47.0,17.0,-1009.0,56,59,84,80,0.44,13
20260904_180239,wind_tunnel_front_75_side_lv1_001,front,side wind,Level1,75,wind_tunnel,20,0,drone_5,192.168.0.104,B12,5,wind_tunnel_position_5,1,4,0,wind_tunnel_centering,2026-09-04T18:02:56.736,13.519,13.519,13.519,1,-4,0,88,296.0,0.0,88,300,0,80,1,0,0,4.0,0.0,-8,8.944,13.227,25.959,88,90,,0,-1,0,0.0,4.0,179.0,0,0,0,-20.0,-10.0,-1025.0,56,59,84,80,0.46,13
20260904_180239,wind_tunnel_front_75_side_lv1_001,front,side wind,Level1,75,wind_tunnel,20,0,drone_5,192.168.0.104,B12,5,wind_tunnel_position_5,1,4,0,wind_tunnel_centering,2026-09-04T18:02:56.843,13.625,13.625,13.625,1,-4,0,88,296.0,0.0,88,300,0,80,1,0,0,4.0,0.0,-8,8.944,13.227,25.959,88,90,,0,-1,0,0.0,4.0,179.0,0,0,0,-40.0,-8.0,-1007.0,56,59,83,80,0.49,13
20260904_180239,wind_tunnel_front_75_side_lv1_001,front,side wind,Level1,75,wind_tunnel,20,0,drone_5,192.168.0.104,B12,5,wind_tunnel_position_5,1,4,0,wind_tunnel_centering,2026-09-04T18:02:56.949,13.731,13.731,13.731,1,-4,0,88,296.0,0.0,88,300,0,80,1,0,0,4.0,0.0,-8,8.944,17.192,33.66,88,90,,0,-1,0,0.0,4.0,179.0,0,0,0,-30.0,-10.0,-1030.0,56,59,83,80,0.49,13
20260904_180239,wind_tunnel_front_75_side_lv1_001,front,side wind,Level1,75,wind_tunnel,20,0,drone_5,192.168.0.104,B12,5,wind_tunnel_position_5,1,4,0,wind_tunnel_centering,2026-09-04T18:02:57.055,13.838,13.838,13.838,1,-5,-1,86,295.0,-1.0,86,300,0,80,1,0,0,5.0,1.0,-6,7.874,17.37,33.66,88,90,,0,-1,0,0.0,4.0,178.0,0,0,0,-46.0,-7.0,-994.0,56,59,83,80,0.47,13
